#Layer_Color=16711935
#
#Feature symbol names
#
$0 r3.937
$1 r10
$2 r5

#
#Feature attribute names
#

#
#Layer features
#
L -0.0265748 0.0590552 0.1938972 0.0590552 1 P 0
L -0.0265752 0.0590556 -0.0265748 0.0590552 1 P 0
L -0.0265752 0.0590556 -0.0265752 0.4133859 1 P 0
L -0.0265752 0.4133859 0.1938972 0.4133859 1 P 0
L 0.1938972 0.0590552 0.1938972 0.4133859 1 P 0
L 0.7856294 0.1362205 0.7856294 0.3362205 1 P 0
L 0.7856294 0.1362205 0.8856294 0.1362205 1 P 0
L 0.7856294 0.3362205 0.8856294 0.3362205 1 P 0
L 0.8856294 0.1362205 0.8856294 0.3362205 1 P 0
L 0.9824804 0.1362205 0.9824804 0.3362205 1 P 0
L 0.9824804 0.1362205 1.0824804 0.1362205 1 P 0
L 0.9824804 0.3362205 1.0824804 0.3362205 1 P 0
L 1.0824804 0.1362205 1.0824804 0.3362205 1 P 0
L 1.0981436 0.2032362 1.0981436 0.2672362 0 P 0
L 1.0981436 0.2032362 1.1341436 0.2032362 0 P 0
L 1.0981436 0.2672362 1.0981515 0.2672441 0 P 0
L 1.0981515 0.2672441 1.1341357 0.2672441 0 P 0
L 1.131931 0.2934251 1.131931 0.4034251 0 P 0
L 1.131931 0.2934251 1.251931 0.2934251 0 P 0
L 1.131931 0.4034251 1.251931 0.4034251 0 P 0
L 1.1341357 0.2672441 1.1341436 0.2672362 0 P 0
L 1.1341436 0.2032362 1.1341436 0.2672362 0 P 0
L 1.1609055 0.1168503 1.1609055 0.1528345 0 P 0
L 1.1609055 0.1168503 1.1609134 0.1168424 0 P 0
L 1.1609055 0.1528345 1.1609134 0.1528424 0 P 0
L 1.1609134 0.1168424 1.2249134 0.1168424 0 P 0
L 1.1609134 0.1528424 1.2249134 0.1528424 0 P 0
L 1.1624014 0.074803 1.1624014 0.106299 2 P 0
L 1.1624014 0.106299 1.2253937 0.106299 2 P 0
L 1.1624015 0.074803 1.2253937 0.074803 2 P 0
L 1.1889782 0.1653541 1.1889782 0.2795273 0 P 0
L 1.1889782 0.1653541 1.2519704 0.1653541 0 P 0
L 1.1889782 0.2795273 1.2519704 0.2795273 0 P 0
L 1.2249134 0.1168424 1.2249134 0.1528424 0 P 0
L 1.2253937 0.074803 1.2253937 0.106299 2 P 0
L 1.251931 0.2934251 1.251931 0.4034251 0 P 0
L 1.2519704 0.1653541 1.2519704 0.2795273 0 P 0
L 1.2802284 0.077252 1.2802284 0.141252 0 P 0
L 1.2802284 0.077252 1.3162284 0.077252 0 P 0
L 1.2802284 0.141252 1.2802363 0.1412599 0 P 0
L 1.2802363 0.1412599 1.3162205 0.1412599 0 P 0
L 1.3031513 0.1834252 1.3031513 0.2634252 0 P 0
L 1.3031513 0.1834252 1.3543325 0.1834252 0 P 0
L 1.3031513 0.2634252 1.3543325 0.2634252 0 P 0
L 1.3162205 0.1412599 1.3162284 0.141252 0 P 0
L 1.3162284 0.077252 1.3162284 0.141252 0 P 0
L 1.3543325 0.1834252 1.3543325 0.2634252 0 P 0
L 1.5068897 0.1082677 1.5068897 0.3011812 0 P 0
L 1.5068897 0.1082677 1.6190945 0.1082677 0 P 0
L 1.5068897 0.3011812 1.6190945 0.3011812 0 P 0
L 1.5364172 0.4458661 1.5364172 0.4694881 0 P 0
L 1.5364172 0.4458661 1.5797243 0.4458661 0 P 0
L 1.5364172 0.4694881 1.5797243 0.4694881 0 P 0
L 1.5521644 0.340552 1.5521644 0.3838591 0 P 0
L 1.5521644 0.340552 1.5757864 0.340552 0 P 0
L 1.5521644 0.3838591 1.5757864 0.3838591 0 P 0
L 1.5587716 0.5073701 1.5587716 0.5713701 0 P 0
L 1.5587716 0.5073701 1.5587795 0.5073622 0 P 0
L 1.5587716 0.5713701 1.5947716 0.5713701 0 P 0
L 1.5587795 0.5073622 1.5947637 0.5073622 0 P 0
L 1.5757864 0.340552 1.5757864 0.3838591 0 P 0
L 1.5797243 0.4458661 1.5797243 0.4694881 0 P 0
L 1.5912513 0.3302047 1.5912513 0.3942047 0 P 0
L 1.5912513 0.3302047 1.5912592 0.3301968 0 P 0
L 1.5912513 0.3942047 1.6272513 0.3942047 0 P 0
L 1.5912592 0.3301968 1.6272434 0.3301968 0 P 0
L 1.5947637 0.5073622 1.5947716 0.5073701 0 P 0
L 1.5947716 0.5073701 1.5947716 0.5713701 0 P 0
L 1.607677 0.4557086 1.607677 0.5679134 0 P 0
L 1.607677 0.4557086 1.8005905 0.4557086 0 P 0
L 1.607677 0.5679134 1.80059 0.5679134 0 P 0
L 1.6190945 0.1082682 1.6190945 0.3011812 0 P 0
L 1.6249208 0.0709448 1.6249208 0.0945668 0 P 0
L 1.6249208 0.0709448 1.6682279 0.0709448 0 P 0
L 1.6249208 0.0945668 1.6682279 0.0945668 0 P 0
L 1.6272434 0.3301968 1.6272513 0.3302047 0 P 0
L 1.6272513 0.3302047 1.6272513 0.3942047 0 P 0
L 1.6486222 0.3356301 1.6486222 0.3789372 0 P 0
L 1.6486222 0.3356301 1.6722442 0.3356301 0 P 0
L 1.6486222 0.3789372 1.6722442 0.3789372 0 P 0
L 1.6555904 0.1201578 1.6555904 0.1634649 0 P 0
L 1.6555904 0.1201578 1.6792124 0.1201578 0 P 0
L 1.6555904 0.1634649 1.6792124 0.1634649 0 P 0
L 1.6682279 0.0709448 1.6682279 0.0945668 0 P 0
L 1.6722442 0.3356301 1.6722442 0.3789372 0 P 0
L 1.6792124 0.1201578 1.6792124 0.1634649 0 P 0
L 1.6958661 0.242126 1.6958661 0.3858268 0 P 0
L 1.6958661 0.242126 1.8395669 0.242126 0 P 0
L 1.6958661 0.3858268 1.8395669 0.3858268 0 P 0
L 1.6988189 0.057087 1.6988189 0.1555122 1 P 0
L 1.6988189 0.057087 1.8208661 0.057087 1 P 0
L 1.6988189 0.1555122 1.8208661 0.1555122 1 P 0
L 1.8005905 0.4557086 1.8005905 0.5679134 0 P 0
L 1.8188975 0.4990156 1.8188975 0.5423227 0 P 0
L 1.8188975 0.4990156 1.8425195 0.4990156 0 P 0
L 1.8188975 0.5423227 1.8425195 0.5423227 0 P 0
L 1.8208661 0.057087 1.8208661 0.1555122 1 P 0
L 1.8395669 0.242126 1.8395669 0.3858268 0 P 0
L 1.841535 0.1200788 1.841535 0.1633859 0 P 0
L 1.841535 0.1200788 1.865157 0.1200788 0 P 0
L 1.841535 0.1633859 1.865157 0.1633859 0 P 0
L 1.8425195 0.4990156 1.8425195 0.5423227 0 P 0
L 1.865157 0.1200788 1.865157 0.1633859 0 P 0
L 1.9064961 0.1082682 1.9064961 0.3011817 0 P 0
L 1.9064961 0.1082682 2.0187009 0.1082682 0 P 0
L 1.9064961 0.3011817 2.0187009 0.3011817 0 P 0
L 1.9645664 0.3405521 1.9645664 0.3838592 0 P 0
L 1.9645664 0.3405521 1.9881884 0.3405521 0 P 0
L 1.9645664 0.3838592 1.9881884 0.3838592 0 P 0
L 1.9881884 0.3405521 1.9881884 0.3838592 0 P 0
L 2.0026688 0.3302047 2.0026688 0.3942047 0 P 0
L 2.0026688 0.3302047 2.0026767 0.3301968 0 P 0
L 2.0026688 0.3942047 2.0386688 0.3942047 0 P 0
L 2.0026767 0.3301968 2.0386609 0.3301968 0 P 0
L 2.0187009 0.1082687 2.0187009 0.3011817 0 P 0
L 2.0386609 0.3301968 2.0386688 0.3302047 0 P 0
L 2.0386688 0.3302047 2.0386688 0.3942047 0 P 0
L 2.1978331 0.0393701 2.1978331 0.3996063 1 P 0
L 2.1978331 0.0393701 2.8169276 0.0393701 1 P 0
L 2.1978331 0.3996063 2.8169276 0.3996063 1 P 0
L 2.2244093 0.425197 2.2244093 0.448819 0 P 0
L 2.2244093 0.425197 2.2677164 0.425197 0 P 0
L 2.2244093 0.448819 2.2677164 0.448819 0 P 0
L 2.2677164 0.425197 2.2677164 0.448819 0 P 0
L 2.3011804 0.4251965 2.3011804 0.4488185 0 P 0
L 2.3011804 0.4251965 2.3444875 0.4251965 0 P 0
L 2.3011804 0.4488185 2.3444875 0.4488185 0 P 0
L 2.3444875 0.4251965 2.3444875 0.4488185 0 P 0
L 2.3858262 0.4251968 2.3858262 0.4488188 0 P 0
L 2.3858262 0.4251968 2.4291333 0.4251968 0 P 0
L 2.3858262 0.4488188 2.4291333 0.4488188 0 P 0
L 2.4291333 0.4251968 2.4291333 0.4488188 0 P 0
L 2.5698816 0.4251968 2.5698816 0.4488188 0 P 0
L 2.5698816 0.4251968 2.6131887 0.4251968 0 P 0
L 2.5698816 0.4488188 2.6131887 0.4488188 0 P 0
L 2.6131887 0.4251968 2.6131887 0.4488188 0 P 0
L 2.8169276 0.0393701 2.8169276 0.3996063 1 P 0
