#Layer_Color=32768
#
#Feature symbol names
#
$0 r3.937
$1 r10
$2 r5

#
#Feature attribute names
#

#
#Layer features
#
L -0.0246068 0.0590552 0.220472 0.0590552 1 P 0
L -0.0265752 0.0610236 -0.0246068 0.0590552 1 P 0
L -0.0265752 0.0610236 -0.0265752 0.4133859 1 P 0
L -0.0265752 0.4133859 0.220472 0.4133859 1 P 0
L 0.220472 0.0590552 0.220472 0.4133859 1 P 0
L 0.2401623 0.0590547 0.2401623 0.3937003 1 P 0
L 0.2401623 0.0590547 0.7746111 0.0590547 1 P 0
L 0.2401623 0.3937003 0.7746111 0.3937003 1 P 0
L 0.7746111 0.0590547 0.7746111 0.3937003 1 P 0
L 0.7856294 0.1362205 0.7856294 0.3362205 1 P 0
L 0.7856294 0.1362205 0.8856294 0.1362205 1 P 0
L 0.7856294 0.3362205 0.8856294 0.3362205 1 P 0
L 0.8856294 0.1362205 0.8856294 0.3362205 1 P 0
L 0.9824804 0.1362205 0.9824804 0.3362205 1 P 0
L 0.9824804 0.1362205 1.0824804 0.1362205 1 P 0
L 0.9824804 0.3362205 1.0824804 0.3362205 1 P 0
L 1.0824804 0.1362205 1.0824804 0.3362205 1 P 0
L 1.0963956 0.1842362 1.0963956 0.2872362 0 P 0
L 1.0963956 0.1842362 1.1361436 0.1842362 0 P 0
L 1.0963956 0.2872362 1.1361436 0.2872362 0 P 0
L 1.096931 0.2914251 1.096931 0.4054251 0 P 0
L 1.096931 0.2914251 1.286931 0.2914251 0 P 0
L 1.096931 0.4054251 1.286931 0.4054251 0 P 0
L 1.1361436 0.1842362 1.1361436 0.2872362 0 P 0
L 1.1407499 0.1614171 1.1407499 0.2834643 0 P 0
L 1.1407499 0.1614171 1.3001987 0.1614171 0 P 0
L 1.1407499 0.2834643 1.3001987 0.2834643 0 P 0
L 1.1409134 0.1150944 1.1409134 0.1548424 0 P 0
L 1.1409134 0.1150944 1.2439134 0.1150944 0 P 0
L 1.1409134 0.1548424 1.2439134 0.1548424 0 P 0
L 1.1417322 0.070866 1.1417322 0.110236 2 P 0
L 1.1417322 0.070866 1.2726378 0.070866 2 P 0
L 1.1417322 0.110236 1.2726378 0.110236 2 P 0
L 1.2439134 0.1150944 1.2439134 0.1548424 0 P 0
L 1.2726378 0.070866 1.2726378 0.110236 2 P 0
L 1.2784804 0.058252 1.2784804 0.161252 0 P 0
L 1.2784804 0.058252 1.3182284 0.058252 0 P 0
L 1.2784804 0.161252 1.3182284 0.161252 0 P 0
L 1.286931 0.2914251 1.286931 0.4054251 0 P 0
L 1.3001986 0.1594488 1.3001986 0.2874016 0 P 0
L 1.3001986 0.1594488 1.3572852 0.1594488 0 P 0
L 1.3001986 0.2874016 1.3572852 0.2874016 0 P 0
L 1.3001987 0.1614171 1.3001987 0.2834643 0 P 0
L 1.3182284 0.058252 1.3182284 0.161252 0 P 0
L 1.3572852 0.1594488 1.3572852 0.2874016 0 P 0
L 1.4842519 0.1043307 1.4842519 0.3051181 0 P 0
L 1.4842519 0.1043307 1.6417323 0.1043307 0 P 0
L 1.4842519 0.3051182 1.6417323 0.3051182 0 P 0
L 1.5206692 0.4399607 1.5206692 0.4753937 0 P 0
L 1.5206692 0.4399607 1.5954724 0.4399607 0 P 0
L 1.5206692 0.4753937 1.5954724 0.4753937 0 P 0
L 1.546259 0.3248039 1.546259 0.3996071 0 P 0
L 1.546259 0.3248039 1.581692 0.3248039 0 P 0
L 1.546259 0.3996071 1.581692 0.3996071 0 P 0
L 1.5567716 0.4873701 1.5567716 0.5903701 0 P 0
L 1.5567716 0.4873701 1.5965196 0.4873701 0 P 0
L 1.5567716 0.5903701 1.5965196 0.5903701 0 P 0
L 1.581692 0.3248039 1.581692 0.3996071 0 P 0
L 1.5892513 0.3102047 1.5892513 0.4132047 0 P 0
L 1.5892513 0.3102047 1.6289993 0.3102047 0 P 0
L 1.5892513 0.4132047 1.6289993 0.4132047 0 P 0
L 1.5954724 0.4399607 1.5954724 0.4753937 0 P 0
L 1.5965196 0.4873701 1.5965196 0.5903701 0 P 0
L 1.60374 0.4330708 1.60374 0.5905512 0 P 0
L 1.6037401 0.4330708 1.8045275 0.4330708 0 P 0
L 1.6037401 0.5905512 1.8045275 0.5905512 0 P 0
L 1.6091728 0.0650394 1.6091728 0.1004724 0 P 0
L 1.6091728 0.0650394 1.683976 0.0650394 0 P 0
L 1.6091728 0.1004724 1.683976 0.1004724 0 P 0
L 1.6289993 0.3102047 1.6289993 0.4132047 0 P 0
L 1.6417323 0.1043307 1.6417323 0.3051181 0 P 0
L 1.6427166 0.3198821 1.6427166 0.3946853 0 P 0
L 1.6427166 0.3198821 1.6781496 0.3198821 0 P 0
L 1.6427166 0.3946853 1.6781496 0.3946853 0 P 0
L 1.6496848 0.1044098 1.6496848 0.179213 0 P 0
L 1.6496848 0.1044098 1.6851178 0.1044098 0 P 0
L 1.6496848 0.179213 1.6851178 0.179213 0 P 0
L 1.6781496 0.3198821 1.6781496 0.3946853 0 P 0
L 1.6811023 0.2273622 1.6811023 0.4005906 0 P 0
L 1.6811023 0.2273622 1.8543307 0.2273622 0 P 0
L 1.6811023 0.4005906 1.8543307 0.4005906 0 P 0
L 1.683976 0.0650394 1.683976 0.1004724 0 P 0
L 1.6851178 0.1044098 1.6851178 0.179213 0 P 0
L 1.6988189 0.057087 1.6988189 0.1555122 1 P 0
L 1.6988189 0.057087 1.8208661 0.057087 1 P 0
L 1.6988189 0.1555122 1.8208661 0.1555122 1 P 0
L 1.8045275 0.4330708 1.8045275 0.5905512 0 P 0
L 1.8129921 0.4832675 1.8129921 0.5580707 0 P 0
L 1.8129921 0.4832675 1.8484251 0.4832675 0 P 0
L 1.8129921 0.5580707 1.8484251 0.5580707 0 P 0
L 1.8208661 0.057087 1.8208661 0.1555122 1 P 0
L 1.8356296 0.1043307 1.8356296 0.1791339 0 P 0
L 1.8356296 0.1043307 1.8710626 0.1043307 0 P 0
L 1.8356296 0.1791339 1.8710626 0.1791339 0 P 0
L 1.8484251 0.4832675 1.8484251 0.5580707 0 P 0
L 1.8543307 0.2273622 1.8543307 0.4005906 0 P 0
L 1.8710626 0.1043307 1.8710626 0.1791339 0 P 0
L 1.8838583 0.1043312 1.8838583 0.3051186 0 P 0
L 1.8838583 0.1043312 2.0413387 0.1043312 0 P 0
L 1.8838583 0.3051187 2.0413387 0.3051187 0 P 0
L 1.958661 0.324804 1.958661 0.3996072 0 P 0
L 1.958661 0.324804 1.994094 0.324804 0 P 0
L 1.958661 0.3996072 1.994094 0.3996072 0 P 0
L 1.994094 0.324804 1.994094 0.3996072 0 P 0
L 2.0006688 0.3102047 2.0006688 0.4132047 0 P 0
L 2.0006688 0.3102047 2.0404168 0.3102047 0 P 0
L 2.0006688 0.4132047 2.0404168 0.4132047 0 P 0
L 2.0404168 0.3102047 2.0404168 0.4132047 0 P 0
L 2.0413387 0.1043312 2.0413387 0.3051186 0 P 0
L 2.1830693 0.0246063 2.1830693 0.4143701 1 P 0
L 2.1830693 0.0246063 2.8169276 0.0246063 1 P 0
L 2.1830693 0.4143701 2.8169276 0.4143701 1 P 0
L 2.2086612 0.4192914 2.2086612 0.4547244 0 P 0
L 2.2086612 0.4192914 2.2834644 0.4192914 0 P 0
L 2.2086612 0.4547244 2.2834644 0.4547244 0 P 0
L 2.2834644 0.4192914 2.2834644 0.4547244 0 P 0
L 2.2854324 0.4192911 2.2854324 0.4547241 0 P 0
L 2.2854324 0.4192911 2.3602356 0.4192911 0 P 0
L 2.2854324 0.4547241 2.3602356 0.4547241 0 P 0
L 2.3602356 0.4192911 2.3602356 0.4547241 0 P 0
L 2.3700781 0.4192912 2.3700781 0.4547242 0 P 0
L 2.3700781 0.4192912 2.4448813 0.4192912 0 P 0
L 2.3700781 0.4547242 2.4448813 0.4547242 0 P 0
L 2.4448813 0.4192912 2.4448813 0.4547242 0 P 0
L 2.5541336 0.4192914 2.5541336 0.4547244 0 P 0
L 2.5541336 0.4192914 2.6289368 0.4192914 0 P 0
L 2.5541336 0.4547244 2.6289368 0.4547244 0 P 0
L 2.6289368 0.4192914 2.6289368 0.4547244 0 P 0
L 2.8169276 0.0246063 2.8169276 0.4143701 1 P 0
L 2.8757064 0.0362205 2.8757064 0.4362205 1 P 0
L 2.8757064 0.0362205 3.0357064 0.0362205 1 P 0
L 2.8757064 0.4362205 3.0357064 0.4362205 1 P 0
L 3.0357064 0.0362205 3.0357064 0.4362205 1 P 0
