#Layer_Color=6759642
#
#Feature symbol names
#
$0 r3.937
$1 r10

#
#Feature attribute names
#

#
#Layer features
#
L 0.107283 0.2362205 0.1368106 0.2362205 1 P 0
L 0.1220468 0.2214567 0.1220468 0.2509843 1 P 0
L 0.4685087 0.2263775 0.5472489 0.2263775 1 P 0
L 0.5078788 0.1870074 0.5078788 0.2657476 1 P 0
L 0.8238184 0.2362205 0.8474404 0.2362205 1 P 0
L 0.8356294 0.2244095 0.8356294 0.2480315 1 P 0
L 1.0206694 0.2362205 1.0442914 0.2362205 1 P 0
L 1.0324804 0.2244095 1.0324804 0.2480315 1 P 0
L 1.1043325 0.2352362 1.1279545 0.2352362 0 P 0
L 1.1161435 0.2234252 1.1161435 0.2470473 0 P 0
L 1.18012 0.3484252 1.2037421 0.3484252 0 P 0
L 1.1811023 0.1348423 1.2047244 0.1348423 0 P 0
L 1.1860236 0.090551 1.2017716 0.090551 0 P 0
L 1.191931 0.3366142 1.191931 0.3602362 0 P 0
L 1.1929134 0.1230313 1.1929134 0.1466533 0 P 0
L 1.1938976 0.082677 1.1938976 0.098425 0 P 0
L 1.2086633 0.2224408 1.2322854 0.2224408 0 P 0
L 1.2204743 0.2106298 1.2204743 0.2342518 0 P 0
L 1.2864173 0.109252 1.3100393 0.109252 0 P 0
L 1.2982283 0.097441 1.2982283 0.1210631 0 P 0
L 1.316931 0.2234252 1.340553 0.2234252 0 P 0
L 1.328742 0.2116141 1.328742 0.2352362 0 P 0
L 1.5462597 0.4576771 1.5698818 0.4576771 0 P 0
L 1.5511811 0.2047245 1.5748032 0.2047245 0 P 0
L 1.5521644 0.3622055 1.5757864 0.3622055 0 P 0
L 1.5580708 0.4458661 1.5580708 0.4694881 0 P 0
L 1.5629921 0.1929135 1.5629921 0.2165355 0 P 0
L 1.5639754 0.3503945 1.5639754 0.3740166 0 P 0
L 1.5649607 0.5393701 1.5885827 0.5393701 0 P 0
L 1.5767717 0.527559 1.5767717 0.5511811 0 P 0
L 1.5974404 0.3622047 1.6210624 0.3622047 0 P 0
L 1.6092514 0.3503936 1.6092514 0.3740157 0 P 0
L 1.6347633 0.0827558 1.6583854 0.0827558 0 P 0
L 1.6465744 0.0709448 1.6465744 0.0945668 0 P 0
L 1.6486222 0.3572837 1.6722442 0.3572837 0 P 0
L 1.6555904 0.1418114 1.6792124 0.1418114 0 P 0
L 1.6604332 0.3454726 1.6604332 0.3690947 0 P 0
L 1.6674014 0.1300003 1.6674014 0.1536224 0 P 0
L 1.6923227 0.511811 1.7159447 0.511811 0 P 0
L 1.7041337 0.5 1.7041337 0.5236221 0 P 0
L 1.7480315 0.1062996 1.7716535 0.1062996 1 P 0
L 1.7480315 0.3139764 1.7874015 0.3139764 0 P 0
L 1.7598425 0.0944886 1.7598425 0.1181106 1 P 0
L 1.7677165 0.2942914 1.7677165 0.3336614 0 P 0
L 1.8188975 0.5206691 1.8425195 0.5206691 0 P 0
L 1.8307085 0.5088581 1.8307085 0.5324802 0 P 0
L 1.841535 0.1417323 1.865157 0.1417323 0 P 0
L 1.853346 0.1299213 1.853346 0.1535434 0 P 0
L 1.9507875 0.204725 1.9744096 0.204725 0 P 0
L 1.9625985 0.192914 1.9625985 0.216536 0 P 0
L 1.9645664 0.3622056 1.9881884 0.3622056 0 P 0
L 1.9763774 0.3503946 1.9763774 0.3740167 0 P 0
L 2.0088579 0.3622047 2.0324799 0.3622047 0 P 0
L 2.0206689 0.3503936 2.0206689 0.3740157 0 P 0
L 2.2342518 0.437008 2.2578739 0.437008 0 P 0
L 2.2460628 0.425197 2.2460628 0.448819 0 P 0
L 2.3110229 0.4370075 2.334645 0.4370075 0 P 0
L 2.322834 0.4251965 2.322834 0.4488185 0 P 0
L 2.3956687 0.4370078 2.4192908 0.4370078 0 P 0
L 2.4074797 0.4251968 2.4074797 0.4488188 0 P 0
L 2.4921245 0.219485 2.5314945 0.219485 1 P 0
L 2.5118128 0.1998032 2.5118128 0.2391732 1 P 0
L 2.5797241 0.4370078 2.6033462 0.4370078 0 P 0
L 2.5915352 0.4251968 2.5915352 0.4488188 0 P 0
