#Layer_Color=65535
#
#Feature symbol names
#
$0 r10
$1 r5
$2 r39.3701
$3 r19.685

#
#Feature attribute names
#
@0 .nomenclature
@1 .string
@2 .string_angle

#
#Feature attribute text strings
#
&0 +

#
#Layer features
#
A 0.061102 0.3897639 0.061102 0.3897639 0.056102 0.3897639 0 P 0 N
A 1.1605137 0.2913383 1.1605137 0.2913383 1.1555137 0.2913383 0 P 0 N
A 1.4823622 0.3100394 1.4823622 0.3100394 1.4773622 0.3100394 0 P 0 N
A 1.6038188 0.4261811 1.6038188 0.4261811 1.5988188 0.4261811 0 P 0 N
A 1.6792126 0.2598425 1.6792126 0.2598425 1.6742126 0.2598425 0 P 0 N
A 1.7205511 0.037402 1.7205511 0.037402 1.7155511 0.037402 0 P 0 N
A 1.8819686 0.3100399 1.8819686 0.3100399 1.8769686 0.3100399 0 P 0 N
A 2.8180093 0.4281496 2.8180093 0.4281496 2.8129906 0.4281496 0 P 0 N
L -0.0265682 0.0590621 -0.0265682 0.4133789 0 P 0
L -0.0265682 0.0590621 0.1939047 0.0590621 0 P 0
L -0.0265682 0.4133789 0.1939047 0.4133789 0 P 0
L 0.1938972 0.0885827 0.1939047 0.0590621 0 P 0
L 0.1938972 0.3838583 0.1939047 0.4133789 0 P 0
L 0.235241 0.154527 0.235241 0.298228 0 P 0
L 0.235241 0.154527 0.3287449 0.154527 0 P 0
L 0.235241 0.298228 0.3287449 0.298228 0 P 0
L 0.6870127 0.154527 0.7805166 0.154527 0 P 0
L 0.6870127 0.298228 0.7805166 0.298228 0 P 0
L 0.7805166 0.154527 0.7805166 0.298228 0 P 0
L 0.8159444 0.374479 0.8559315 0.374479 3 P 0 ;0,1=0,2=0.000000
L 0.8359379 0.3944725 0.8359379 0.3544855 3 P 0 ;0,1=0,2=0.000000
L 0.934055 0 0.934055 0.4724409 2 P 0
L 1.0127954 0.374479 1.0527825 0.374479 3 P 0 ;0,1=0,2=0.000000
L 1.0327889 0.3944725 1.0327889 0.3544855 3 P 0 ;0,1=0,2=0.000000
L 1.0659467 0.3830659 1.0858878 0.3830659 0 P 0 ;0,1=0,2=0.000000
L 1.0759172 0.3930365 1.0759172 0.3730954 0 P 0 ;0,1=0,2=0.000000
L 1.0944901 0.2194882 1.0944901 0.2509842 1 P 0
L 1.1377971 0.2194882 1.1377971 0.2509842 1 P 0
L 1.1525609 0.28937 1.2313011 0.28937 1 P 0
L 1.1525609 0.4074802 1.2313011 0.4074802 1 P 0
L 1.1742126 0.0688975 1.2135826 0.0688975 1 P 0
L 1.1742126 0.1122045 1.2135826 0.1122045 1 P 0
L 1.1771654 0.1131889 1.2086614 0.1131889 1 P 0
L 1.1771654 0.1564959 1.2086614 0.1564959 1 P 0
L 1.2601727 0.0839946 1.2601727 0.0971137 1 P 0 ;0,1=0,2=180.000000
L 1.2667322 0.0905542 1.2536131 0.0905542 1 P 0 ;0,1=0,2=180.000000
L 1.2765749 0.093504 1.2765749 0.125 1 P 0
L 1.2992143 0.2037402 1.2992143 0.2431102 1 P 0
L 1.3198819 0.093504 1.3198819 0.125 1 P 0
L 1.3582695 0.2037402 1.3582695 0.2431102 1 P 0
L 1.4232283 0 1.4232283 0.4724409 2 P 0
L 1.5068865 0.1072804 1.6190913 0.1072804 1 P 0
L 1.5068897 0.3021653 1.6190945 0.3021653 1 P 0
L 1.5383858 0.4379922 1.5777558 0.4379922 1 P 0
L 1.5383858 0.4773622 1.5777558 0.4773622 1 P 0
L 1.5442905 0.3425205 1.5442905 0.3818905 1 P 0
L 1.5551181 0.5236221 1.5551181 0.5551181 1 P 0
L 1.5836605 0.3425205 1.5836605 0.3818905 1 P 0
L 1.5875978 0.3464567 1.5875978 0.3779527 1 P 0
L 1.5984251 0.5236221 1.5984251 0.5551181 1 P 0
L 1.6066929 0.4557086 1.6066929 0.5679134 1 P 0
L 1.6268894 0.0630709 1.6662594 0.0630709 1 P 0
L 1.6268894 0.1024409 1.6662594 0.1024409 1 P 0
L 1.6309048 0.3464567 1.6309048 0.3779527 1 P 0
L 1.6407481 0.3375987 1.6407481 0.3769687 1 P 0
L 1.6477163 0.1221264 1.6477163 0.1614964 1 P 0
L 1.6801181 0.3375987 1.6801181 0.3769687 1 P 0
L 1.6870863 0.1221264 1.6870863 0.1614964 1 P 0
L 1.6958661 0.3582677 1.6958661 0.3858268 1 P 0
L 1.6958661 0.3858268 1.7135826 0.3858268 1 P 0
L 1.6958693 0.2421228 1.6958693 0.2696819 1 P 0
L 1.6958693 0.2421228 1.7135858 0.2421228 1 P 0
L 1.6988189 0.057087 1.6988189 0.1555122 1 P 0
L 1.6988189 0.1555122 1.8208661 0.1555122 1 P 0
L 1.6988253 0.0570806 1.8208725 0.0570806 1 P 0
L 1.8015778 0.4557054 1.8015778 0.5679102 1 P 0
L 1.8110236 0.5009841 1.8110236 0.5403541 1 P 0
L 1.8208725 0.0570806 1.8208725 0.1555058 1 P 0
L 1.8218472 0.2421228 1.8395637 0.2421228 1 P 0
L 1.8218472 0.38583 1.8395637 0.38583 1 P 0
L 1.8336611 0.1220473 1.8336611 0.1614173 1 P 0
L 1.8395637 0.2421228 1.8395637 0.2696819 1 P 0
L 1.8395637 0.3582709 1.8395637 0.38583 1 P 0
L 1.8503936 0.5009841 1.8503936 0.5403541 1 P 0
L 1.8730311 0.1220473 1.8730311 0.1614173 1 P 0
L 1.9064929 0.1072809 2.0186977 0.1072809 1 P 0
L 1.9064961 0.3021658 2.0187009 0.3021658 1 P 0
L 1.9566925 0.3425206 1.9566925 0.3818906 1 P 0
L 1.9960625 0.3425206 1.9960625 0.3818906 1 P 0
L 1.9990153 0.3464567 1.9990153 0.3779527 1 P 0
L 2.0423223 0.3464567 2.0423223 0.3779527 1 P 0
L 2.1023615 0.0000001 2.1023615 0.472441 2 P 0
L 2.1978331 0.0393701 2.1978331 0.1112205 0 P 0
L 2.1978331 0.0393701 2.2283449 0.0393701 0 P 0
L 2.1978331 0.3277559 2.1978331 0.3996063 0 P 0
L 2.1978331 0.3996063 2.2283449 0.3996063 0 P 0
L 2.2263778 0.4173229 2.2657478 0.4173229 1 P 0
L 2.2263778 0.4566929 2.2657478 0.4566929 1 P 0
L 2.303149 0.4173226 2.342519 0.4173226 1 P 0
L 2.303149 0.4566926 2.342519 0.4566926 1 P 0
L 2.3877947 0.4173227 2.4271647 0.4173227 1 P 0
L 2.3877947 0.4566927 2.4271647 0.4566927 1 P 0
L 2.5718502 0.4173229 2.6112202 0.4173229 1 P 0
L 2.5718502 0.4566929 2.6112202 0.4566929 1 P 0
L 2.6279512 0.0393701 2.8169276 0.0393701 0 P 0
L 2.8169276 0.0393701 2.8169276 0.3996063 0 P 0
L 2.8757064 0.0362205 2.8757064 0.4362205 0 P 0
L 2.8757064 0.0362205 3.0357064 0.0362205 0 P 0
L 2.8757064 0.4362205 3.0357064 0.4362205 0 P 0
L 3.0357064 0.0362205 3.0357064 0.4362205 0 P 0
